[

	{
		"name": "Google",
		"array": [0, 0.00406, 0.01887, 0.04487, 0.0751, 0.107, 0.1397, 0.17316, 0.20775, 0.24356, 0.28068, 0.31901, 0.35798, 0.39649, 0.434, 0.4699, 0.505, 0.5397, 0.574, 0.60795, 0.6415, 0.6745, 0.707, 0.739, 0.7705, 0.8015, 0.832, 0.8619, 0.891, 0.9188, 0.946, 0.97309, 1]
	},
	{
		"name": "Linear line",
		"array": [0, 0, 0.0042, 0.0374, 0.0706, 0.1038, 0.137, 0.1702, 0.2034, 0.2366, 0.2698, 0.303, 0.3362, 0.3694, 0.4026, 0.4358, 0.469, 0.5022, 0.5354, 0.5686, 0.6018, 0.635, 0.6682, 0.7014, 0.7346, 0.7678, 0.801, 0.8342, 0.8674, 0.9006, 0.9336, 0.9668, 1]
	},
	{
		"name": "GMM A4 by CSeUs",
		"array": [0, 0.00412432379806304, 0.018398208527592882, 0.04229764418142419, 0.07195336896187352, 0.10401580968424524, 0.1372044659090849, 0.17135381975356626, 0.20660601581845603, 0.24318144665846236, 0.28107774576180683, 0.3200442612764857, 0.35940507783329956, 0.39829712438968984, 0.4360581309337999, 0.4726412560095454, 0.508349848466634, 0.5435037173998282, 0.5782760623191036, 0.6126720321087344, 0.6466436845776634, 0.6801084504456258, 0.7130614384131914, 0.7454664712047334, 0.7772630067494377, 0.8083742778592267, 0.8387120398598427, 0.8681458741280047, 0.89651227780419, 0.9235319200128187, 0.9495948242136716, 0.9750480091255388, 1]
	},
	{
		"name": "GMM A5",
		"array": [0, 0.0023964600961260806, 0.015488917055185764, 0.03909091336284838, 0.06871923792374703, 0.10103161936849049, 0.13470893181816976, 0.1694695145071324, 0.20536453163691185, 0.2425872683169238, 0.28112486652360985, 0.32072414755295614, 0.3607051556665379, 0.40019331127913477, 0.4385100118666203, 0.47559501201517246, 0.5117496969175948, 0.5473074347369632, 0.5824646243874346, 0.6172335944643786, 0.6515529901429657, 0.6854075098418076, 0.7187837501286062, 0.7516261231183603, 0.7837799923309956, 0.8150480985124237, 0.8452362626141761, 0.8741841277826861, 0.9018002307904549, 0.9280715635556607, 0.9530723313603463, 0.9769704206967865, 1]
	},
	{
		"name": "Zeta by Iron_Kid domonikNF",
		"array": [0, 0.00591, 0.01998, 0.04476, 0.07358, 0.10407, 0.13575, 0.16856, 0.20282, 0.23864, 0.27619, 0.31546, 0.35608, 0.39732, 0.43925, 0.48162, 0.52228, 0.56095, 0.5974, 0.63169, 0.66379, 0.69351, 0.72137, 0.75033, 0.78003, 0.80972, 0.83894, 0.8675, 0.89516, 0.92151, 0.94739, 0.97349, 1]
	},
	{
		"name": "Hassel curv3 linearized",
		"array": [0, 0.0273704789833822, 0.043010752688172, 0.0586510263929619, 0.0742913000977517, 0.0899315738025415, 0.113391984359726, 0.140762463343108, 0.172043010752688, 0.19941348973607, 0.23069403714565, 0.261974584555229, 0.297165200391006, 0.336265884652981, 0.375366568914956, 0.418377321603128, 0.4613880742913, 0.504398826979472, 0.547409579667644, 0.586510263929618, 0.625610948191593, 0.664711632453567, 0.699902248289345, 0.735092864125122, 0.770283479960899, 0.805474095796676, 0.840664711632453, 0.87585532746823, 0.911045943304007, 0.946236559139784, 0.981427174975562, 0.997067448680351, 1]
	},
	{
		"name": "Hassel curv3 linearized bwpointfix v6",
		"array": [0, 0.00473704789833822, 0.016020752688172, 0.0356610263929619, 0.0610213000977517, 0.0867315638025415, 0.113391984359726, 0.140762463343108, 0.172043010752688, 0.19941348973607, 0.23069403714565, 0.261974584555229, 0.297165200391006, 0.336265884652981, 0.375366568914956, 0.418377321603128, 0.4613880742913, 0.504398826979472, 0.547409579667644, 0.586510263929618, 0.625610948191593, 0.664711632453567, 0.699902248289345, 0.735092864125122, 0.770283479960899, 0.805474095796676, 0.840664711632453, 0.87585532746823, 0.911045943304007, 0.946236559139784, 0.981427174975562, 0.998047448680351, 1]
	},
	{
		"name": "Google 8.6",
		"array": [0, 0.003959, 0.018405, 0.043836, 0.073478, 0.104864, 0.13715, 0.170288, 0.204674, 0.240396, 0.277553, 0.31608, 0.355398, 0.394413, 0.432555, 0.469181, 0.505111, 0.540626, 0.575595, 0.61008, 0.644066, 0.677381, 0.710066, 0.742155, 0.773639, 0.804525, 0.834824, 0.864424, 0.893152, 0.920521, 0.947214, 0.973732, 1]
	},
	{
		"name": "R1_01 Final",
		"array": [0.007812501862884196, 0.0027682728, 0.007812501848093234, 0.007812501874293913, 0.004165916132926941, 0.007812501848093234, 0.007812501840358513, 0.008098753154627047, 0.007812501848093234, 0.007812501848159882, 0.002612751480191946, 0.007812501848093234, 0.007812501870563326, 0.008626597890853882, 0.007812501848093234, 0.007812501883215497, 0.009575908187866211, 0.007812501848093234, 0.007812501878077015, 0.01517831718956586, 0.007812501848093234, 0.007812501849808222, 4.308220855891705, 0.007812501848093234, 0.007812501872171076, 0.0011267609844207764, 0.007812501848093234, 0.007812501883816618, 0.0013695361312866211, 0.007812501848093234, 0.007812501883799514, 0.006633554578002077, 0.0078125018]
	},
	{
		"name": "HDR Quality",
		"array": [0, 0, 0.002612981479614973, 0.00895481277257204, 0.020916759967803955, 0.03872480243444443, 0.059511877596378326, 0.0865728035569191, 0.11563165485858917, 0.14658428728580475, 0.17942005395889282, 0.21765263378620148, 0.2567225396633148, 0.2965477705001831, 0.33677977323532104, 0.37800562381744385, 0.42010197043418884, 0.46274036169052124, 0.5063288807868958, 0.551056444644928, 0.5954095125198364, 0.6389773488044739, 0.6820638179779053, 0.7243483066558838, 0.7657395005226135, 0.8067061901092529, 0.8469769954681396, 0.8848780989646912, 0.9182113409042358, 0.9488503336906433, 0.976270318031311, 0.9940391182899475, 1]
	},
	{
		"name": "Alice",
		"array": [0, 0.002704, 0.01715686, 0.03627451, 0.05784314, 0.08421569, 0.11303922, 0.14630392, 0.18522167, 0.22746535, 0.27329353, 0.31901, 0.35798, 0.39771, 0.4364, 0.47416, 0.50976, 0.54203, 0.57293, 0.60386, 0.63463, 0.66644, 0.69908, 0.73115, 0.76243, 0.79349, 0.82478, 0.85573, 0.88553, 0.91446, 0.94317, 0.97168, 1]
	},
	{
		"name": "IQ",
		"array": [0, 0.0076904297, 0.018493652, 0.033447265625, 0.05267333984375, 0.07574462890625, 0.10186767578125, 0.1304931640625, 0.1611328125, 0.19354248046875, 0.2274169921875, 0.2626953125, 0.29925537109375, 0.33709716796875, 0.3756103515625, 0.41357421875, 0.449951171875, 0.4847412109375, 0.51824951171875, 0.55084228515625, 0.5828857421875, 0.61468505859375, 0.64642333984375, 0.67822265625, 0.7099609375, 0.74169921875, 0.7733154296875, 0.80474853515625, 0.83587646484375, 0.8668212890625, 0.897705078125, 0.94317, 0.97168]
	},
	{
		"name": "Flat",
		"array": [0, 0.00406, 0.018419124, 0.04100584611296654, 0.0683562234044075, 0.09942086786031723, 0.13241705298423767, 0.1668691486120224, 0.20432411134243011, 0.24229860305786133, 0.2806006669998169, 0.3196604549884796, 0.35911718010902405, 0.3992144465446472, 0.43822789192199707, 0.4762716591358185, 0.5138078331947327, 0.5504989624023438, 0.5866568088531494, 0.622438907623291, 0.6577579975128174, 0.6910770535469055, 0.7229642868041992, 0.7541217803955078, 0.7847977876663208, 0.81464022397995, 0.8431360125541687, 0.870916485786438, 0.8979927897453308, 0.9242886304855347, 0.9499596357345581, 0.9751985669136047, 1]
	},
	{
		"name": "Odin",
		"array": [0, 0.00386, 0.022353921, 0.048077279, 0.078210889, 0.11333721, 0.14856047, 0.18308217, 0.22063455, 0.25701455, 0.29772324, 0.33865055, 0.37870128, 0.42008896, 0.46068545, 0.50146991, 0.54150218, 0.57993572, 0.61918349, 0.65168422, 0.6927691, 0.72801725, 0.76185509, 0.7967052, 0.83025891, 0.86349702, 0.89232856, 0.91944307, 0.94495606, 0.96654582, 0.98365742, 0.99506652, 1]
	},
	{
		"name": "TapTapLDR",
		"array": [0, 0.00406, 0.01887, 0.04487, 0.0751, 0.10747, 0.13991, 0.17316, 0.20775, 0.24356, 0.28068, 0.31901, 0.35798, 0.39771, 0.4364, 0.47416, 0.50976, 0.54203, 0.57293, 0.60386, 0.63463, 0.66644, 0.69908, 0.73115, 0.76243, 0.79349, 0.82478, 0.85573, 0.88553, 0.91446, 0.94317, 0.97168, 1]
	},
	{
		"name": "TN2505",
		"array": [0, 0.00406, 0.01841912418603897, 0.04100584611296654, 0.0683562234044075, 0.09942086786031723, 0.13241705298423767, 0.1668691486120224, 0.20432411134243011, 0.24229860305786133, 0.2806006669998169, 0.3196604549884796, 0.35911718010902405, 0.3992144465446472, 0.43822789192199707, 0.4762716591358185, 0.5138078331947327, 0.5504989624023438, 0.5866568088531494, 0.622438907623291, 0.6577579975128174, 0.6910770535469055, 0.7229642868041992, 0.7541217803955078, 0.7847977876663208, 0.81464022397995, 0.8431360125541687, 0.870916485786438, 0.8979927897453308, 0.9242886304855347, 0.9499596357345581, 0.9751985669136047, 1]
	},
	{
		"name": "F03W15T18",
		"array": [0, 0.003071, 0.0205, 0.043, 0.0685, 0.0973, 0.1294, 0.1645, 0.202, 0.2408, 0.2807, 0.319, 0.3565, 0.3935, 0.4313, 0.4687, 0.5055, 0.5415, 0.5782, 0.614, 0.65, 0.685, 0.719, 0.7518, 0.783, 0.813, 0.842, 0.87, 0.8965, 0.923, 0.949, 0.975, 1]
	},
	{
		"name": "W30",
		"array": [0, 0, 0.007005, 0.015628, 0.029277, 0.046562, 0.069565, 0.09766, 0.131, 0.166, 0.201486, 0.237, 0.273, 0.3095, 0.3485, 0.3885, 0.43, 0.4735, 0.519, 0.565, 0.609, 0.6515, 0.6917, 0.731, 0.7688, 0.8065, 0.842, 0.8772, 0.911042, 0.943675, 0.973282, 0.993396, 1]
	},
	{
		"name": "LM",
		"array": [0.09, 0.09554951418191195, 0.10264568507671355, 0.1126537412405014, 0.12553792268037794, 0.14303975045681, 0.1636599740386009, 0.1915520089864731, 0.22173374891281128, 0.25513278365135195, 0.2977328830957413, 0.3441494679450989, 0.39244376301765443, 0.4437709510326386, 0.4977868747711182, 0.5553858423233032, 0.6092645859718323, 0.6588421988487244, 0.7052416324615479, 0.7482565355300904, 0.7894321584701538, 0.828508207798004, 0.8576277780532836, 0.8826717019081115, 0.9050278735160827, 0.9257691764831543, 0.9404687738418579, 0.9527394223213196, 0.9628049373626709, 0.9696679544448853, 0.9747250699996948, 0.9779750919342041, 0.98]
	}
]