[

	{
		"name": "Google",
		"array": [0, 0.013, 0.055, 0.114, 0.184, 0.263, 0.348, 0.434, 0.519, 0.601, 0.678, 0.751, 0.816, 0.875, 0.926, 0.969, 1]
	},
	{
		"name": "GMM-X10 by CSeUs",
		"array": [0, 0.010613996599113619, 0.051654049833703315, 0.10798074729420921, 0.17225116106130497, 0.2424541207742549, 0.31980480136193085, 0.4060011319956014, 0.5004871437750484, 0.5975370457387496, 0.6817635649029219, 0.7490807572398301, 0.8042868817937124, 0.8530034931240266, 0.8990999915908383, 0.9453350240098192, 1]
	},
	{
		"name": "GMM-X7 by CSeUs",
		"array": [0, 0.01991399659911362, 0.06045404983370331, 0.11148074729420922, 0.17275116106130498, 0.2436541207742549, 0.32330480136193085, 0.4108011319956014, 0.5051871437750484, 0.5982370457387496, 0.6779635649029219, 0.74388075723983, 0.8008868817937125, 0.8520034931240266, 0.8997999915908383, 0.9483350240098191, 1]
	},
	{
		"name": "GMM-X4 by CSeUs",
		"array": [0, 0.01991399659911362, 0.06045404983370331, 0.11148074729420922, 0.17275116106130498, 0.2436541207742549, 0.32330480136193085, 0.4108011319956014, 0.5051871437750484, 0.5982370457387496, 0.6779635649029219, 0.74388075723983, 0.8008868817937125, 0.8520034931240266, 0.8997999915908383, 0.9483350240098191, 1]
	},
	{
		"name": "GMM-U3 by CSeUs",
		"array": [0, 0.021746339075562372, 0.05536860596653627, 0.0991122197901208, 0.15238555129852363, 0.2151875840880068, 0.28753444312784654, 0.36858166904334844, 0.4557840136047001, 0.5441754338604884, 0.6278939056109037, 0.7031975224128723, 0.7697763394764741, 0.8297182358943668, 0.8861860509239224, 0.9424081883143812, 1]
	},
	{
		"name": "GMM-X2 by CSeUs",
		"array": [0, 0.02381399659911362, 0.0646540498337033, 0.11416074729420922, 0.17242116106130498, 0.2410141207742549, 0.31915480136193086, 0.40530113199560147, 0.4965371437750484, 0.5873370457387496, 0.670063564902922, 0.7419407572398301, 0.8039868817937125, 0.8591034931240266, 0.9094999915908384, 0.9564350240098191, 1]
	},
	{
		"name": "GMM-U6 by CSeUs",
		"array": [0, 0.017346339075562375, 0.05146860596653627, 0.0953122197901208, 0.14823555129852364, 0.21198758408800683, 0.28638444312784656, 0.3702816690433484, 0.46108401360470014, 0.5526754338604885, 0.6365939056109037, 0.7092975224128723, 0.7718763394764742, 0.8286182358943668, 0.8840860509239225, 0.9410081883143813, 1]
	},
	{
		"name": "GMM-U5G4 by CSeUs",
		"array": [0, 0.018146339075562373, 0.05206860596653627, 0.0951122197901208, 0.14703555129852364, 0.20928758408800682, 0.28188444312784655, 0.3647816690433484, 0.45608401360470013, 0.5487754338604884, 0.6340939056109037, 0.7086975224128722, 0.7733763394764741, 0.8313182358943668, 0.8865860509239224, 0.9425081883143812, 1]
	},
	{
		"name": "GMM-U2 by CSeUs",
		"array": [0, 0.018636339075562374, 0.05101860596653627, 0.09456521979012081, 0.14791555129852363, 0.2105235840880068, 0.28223444312784657, 0.36241066904334845, 0.44899501360470007, 0.5371744338604884, 0.6209139056109038, 0.6963835224128723, 0.7633213394764741, 0.8239032358943668, 0.8813210509239225, 0.9390031883143812, 1]
	},
	{
		"name": "GMM-U1 by CSeUs",
		"array": [0, 0.020186339075562373, 0.05341860596653627, 0.0962652197901208, 0.14796555129852362, 0.20897358408800681, 0.27973444312784657, 0.35991066904334845, 0.4472950136047001, 0.5366744338604884, 0.6219139056109038, 0.6988035224128722, 0.766721339476474, 0.8277032358943668, 0.8848210509239225, 0.9413031883143812, 1]
	},
	{
		"name": "GMM-W8 by CSeUs",
		"array": [0, 0.0163125, 0.062, 0.12282500000000002, 0.192475, 0.2687125, 0.3512875, 0.43975625, 0.5311312499999999, 0.6205499999999999, 0.70269375, 0.77373125, 0.8332724999999999, 0.8834, 0.9270125, 0.9659312499999999, 1]
	},
	{
		"name": "GMM-R5 by CSeUs",
		"array": [0, 0.021514839075562373, 0.05751210596653626, 0.1042537197901208, 0.16062555129852363, 0.2266995840880068, 0.30301294312784655, 0.3896021690433484, 0.48434501360470006, 0.5808829338604884, 0.6713054056109037, 0.7494775224128722, 0.8139213394764739, 0.8669147358943669, 0.9128275509239225, 0.9560246883143811, 1]
	},
	{
		"name": "GMM-R2 by CSeUs",
		"array": [0, 0.021014839075562373, 0.057612105966536264, 0.1063537197901208, 0.16612555129852363, 0.2368495840880068, 0.31826294312784653, 0.4090021690433484, 0.5054450136047001, 0.6012829338604885, 0.6891354056109037, 0.7633775224128723, 0.823421339476474, 0.8723147358943669, 0.9149275509239225, 0.9563246883143811, 1]
	},
	{
		"name": "GMM-W12 by CSeUs",
		"array": [0, 0.014374839075562374, 0.054672105966536266, 0.10875371979012081, 0.17232555129852362, 0.2446295840880068, 0.32582294312784654, 0.4157421690433484, 0.5114850136047001, 0.6068829338604885, 0.6942954056109037, 0.7680175224128722, 0.827421339476474, 0.875474735894367, 0.9171275509239225, 0.957464688314381, 1]
	},

	{
		"name": "GMM-W9 by CSeUs",
		"array": [0, 0.0163125, 0.0612, 0.12242500000000002, 0.191925, 0.2677125, 0.3501875, 0.43935625, 0.5324312499999999, 0.6239499999999999, 0.70759375, 0.77903125, 0.8374124999999999, 0.88435, 0.9234825, 0.9599312499999999, 1]
	},
	{
		"name": "Zeta 2e by Iron_Kid domonikNF",
		"array": [0, 0.00633, 0.04476, 0.10144, 0.16635, 0.23492, 0.30576, 0.379055, 0.45921, 0.548155, 0.64206, 0.73699, 0.822745, 0.8959, 0.95076, 0.985675, 1]
	},
	{
		"name": "Zeta 2g by Iron_Kid domonikNF",
		"array": [0, 0.020064999999999993, 0.05296325000000002, 0.10607135699999999, 0.16635, 0.23492, 0.30576, 0.379055, 0.45921, 0.548155, 0.64206, 0.73699, 0.822745, 0.8959, 0.95076, 0.985675, 1]
	},
	{
		"name": "by Arcide",
		"array": [0, 0.0155, 0.053, 0.108, 0.175, 0.25, 0.338, 0.433, 0.539, 0.62, 0.688, 0.753, 0.802, 0.854, 0.899, 0.943, 1]
	},
	{
		"name": "Google 8.6",
		"array": [0, 0.011702, 0.050024, 0.105074, 0.172196, 0.250352, 0.337275, 0.42822, 0.520811, 0.609123, 0.689614, 0.763617, 0.827763, 0.884501, 0.932369, 0.971942, 1]
	},
	{
		"name": "Straigt Line",
		"array": [0, 0.002, 0.02, 0.09, 0.16, 0.23, 0.3, 0.37, 0.44, 0.51, 0.58, 0.65, 0.72, 0.79, 0.86, 0.93, 1]
	},
	{
		"name": "R1_01 Final",
		"array": [5.263544247e-315, 0.0078125018, 0.0078125, 5.263544247e-315, 0.007812501848093234, 0.0078125, 5.263544247e-315, 0.007812501848093234, 0.0078125, 5.263544247e-315, 0.007812501848093234, 0.0078125, 0.0001521311057786079, 0.007812501848093234, 0.007812501837627238, 0.036489076854195446, 0.007812501848093234]
	},
	{
		"name": "HDR Quality",
		"array": [0, 0.013, 0.07, 0.1325, 0.2, 0.275, 0.35, 0.425, 0.502, 0.577, 0.653, 0.728, 0.8, 0.866, 0.922, 0.965, 0.995]
	},
	{
		"name": "Alice",
		"array": [0, 0.025041148, 0.04522222280502319, 0.08100271224975586, 0.15654540061950684, 0.23972713947296143, 0.3172726631164551, 0.39545440673828125, 0.4719996452331543, 0.5385451316833496, 0.5981812477111816, 0.6544537544250488, 0.7100000381469727, 0.7660002708435059, 0.8251814842224121, 0.8809995651245117, 0.937349796295166]
	},
	{
		"name": "IQ",
		"array": [0, 0.0151, 0.049933706, 0.109196599, 0.180001068, 0.259522204, 0.344600757, 0.432224422, 0.518002472, 0.599016266, 0.676129661, 0.749648748, 0.819723221, 0.884937964, 0.944518874, 0.96875, 1]
	},
	{
		"name": "Odin",
		"array": [0, 0, 0.038224, 0.0909797, 0.14982411, 0.2166022, 0.29594401, 0.3859011, 0.486801, 0.578298, 0.679153, 0.7651, 0.839688, 0.9091, 0.95922, 0.986999, 1]
	},
	{
		"name": "TapTapLDR",
		"array": [0, 0.0279441147239325, 0.099967293, 0.177507074352946, 0.2543973, 0.345250611286808, 0.436196955444078, 0.523784970608346, 0.605182310205074, 0.678441018128837, 0.742695267971875, 0.798200357684037, 0.846170219663893, 0.888435030273852, 0.927009541735998, 0.963714197680251, 1]
	},
	{
		"name": "TN2505",
		"array": [0, 0.019, 0.03461956977844238, 0.07355090975761414, 0.11775895, 0.1660403460264206, 0.21872195601463318, 0.2731338441371918, 0.33285215497016907, 0.4012449085712433, 0.47962144, 0.554156512, 0.634125491, 0.7069246376667, 0.7667206393333, 0.808387306, 0.84338731]
	},
	{
		"name": "TN0606",
		"array": [0, 0.013, 0.044794972, 0.09549627633333, 0.1444489823333, 0.200835757, 0.2628729486667, 0.3295958743333, 0.3998771683333, 0.4776652603333, 0.5662728553333, 0.6577782316667, 0.7497966203333, 0.829094962, 0.8970093676667, 0.95120758, 1]
	},
	{
		"name": "F03W15T18",
		"array": [0, 0.037243845, 0.06986514044432302, 0.1043609073797311, 0.1426056164811952, 0.18773324134767552, 0.23877637807396845, 0.2952734283779676, 0.3541455911821958, 0.4179650939824091, 0.48505368015514766, 0.5545664126776828, 0.6268759946385033, 0.7031231557076022, 0.7816883140124832, 0.8659187, 0.9543057996485061]
	},
	{
		"name": "N04W15T26",
		"array": [0, 0, 0.06184238661508496, 0.11453319245888412, 0.16153154063927014, 0.20736989808655804, 0.25786004518001426, 0.3167046723145548, 0.3807931694196857, 0.45518592563328675, 0.5437156903361142, 0.640379779155916, 0.736005657678816, 0.7781494900703219, 0.8016680412909359, 0.8537247, 1]
	},
	{
		"name": "NR61W15T27A",
		"array": [0, 0.011, 0.065, 0.131, 0.19, 0.245, 0.297, 0.3531571225229731, 0.4156544870902351, 0.4823529411764706, 0.558252427184466, 0.6480582524271845, 0.7462599723349281, 0.8334265906856366, 0.8911853618277426, 0.9365214083444486, 1]
	},
	{
		"name": "FriggAndSo",
		"array": [0, 0.027944115, 0.099967293, 0.177507074352946, 0.25439730266653, 0.345250611286808, 0.436196955444078, 0.523784970608346, 0.605182310205074, 0.678441018128837, 0.742695267971875, 0.798200357684037, 0.846170219663893, 0.888435030273852, 0.927009541735998, 0.963714197680251, 1]
	},
	{
		"name": "Burial",
		"array": [0, 0.013, 0.0455, 0.0985, 0.1564, 0.22355, 0.30028, 0.38558, 0.47007, 0.5559, 0.63754, 0.71796, 0.79152, 0.8555, 0.91148, 0.95962, 1]
	},

	{
		"name": "T28",
		"array": [0, 0, 0.062839, 0.126284, 0.185196, 0.242107, 0.297519, 0.355009, 0.41567, 0.482352, 0.558252, 0.648058, 0.746259, 0.833426, 0.891185, 0.936521, 1]
	},
	{
		"name": "R1_01",
		"array": [0, 0, 0.03, 0.0727, 0.123, 0.1815, 0.247, 0.32, 0.4, 0.49, 0.58, 0.67, 0.75, 0.825, 0.8915, 0.95, 1]
	},
	{
		"name": "RV-1.0",
		"array": [0, 0.016899999380111694, 0.07149999737739562, 0.14819999456405641, 0.23919999122619628, 0.31560001254081727, 0.4176000165939331, 0.5208000206947326, 0.6228000247478486, 0.6611000143289566, 0.7458000161647798, 0.8261000179052352, 0.897600019454956, 0.9012499749660492, 0.9537799735069276, 0.9980699722766876, 1]
	},
	{
		"name": "xhdrv2",
		"array": [0, 1.900218936388219e-109, 1.7455039067755839e-72, -2.439312394212317e+19, 7.387368604430101e+137, -6.06598800011032e+66, -5.965150905141027e+213, 7.387368604433486e+137, -9.539767610391338e-233, 2.954938174111515e+237, -7.956930509242263e-102, 1.9035985662654838e+185, 3.0707338222944436e+90, 5.80600796895414e+11, 1.967896968451401e-256, 3.03865e-319, 1]
	},
	{
		"name": "LM",
		"array": [0, 0, 0.023224, 0.065979, 0.132824, 0.215602, 0.315084, 0.422901, 0.520801, 0.609202, 0.689153, 0.765502, 0.838688, 0.9041, 0.95522, 0.986999, 1]
	}
]